224517
161936
342942
174430
233078
316554
167791
115746
187645
162886
291457
220308
397598
12333
182028
84876
193738
246900
169786
173346
28720
167355
266507
295770
177736
124361
341169
205637
312484
237182
192135
120677
266192
164928
96848
251247
373106
324856
199792
183394
366013
285774
421006
175914
521
256960
284378
247763
321608
3076
295947
253344
314040
102794
185343
184267
170216
31260
251661
338960
255984
161533
221107
231733
383179
182874
205059
126163
2651
244521
216132
276025
35677
266810
125153
164153
365717
124742
418059
209010
200680
284083
55690
28143
230802
157354
201808
371942
414317
72125
159675
191189
390092
332772
322289
110327
93
229853
366161
291453
